0.2870117296892407
0.2870117296892407
0.30618482406713193
0.2870117296892407
0.2870117296892407
0.2870117296892407
0.30618482406713193
0.2870117296892407
0.2870117296892407
0.2870117296892407
0.30618482406713193
0.2870117296892407
0.2870117296892407
0.2870117296892407
0.30618482406713193
0.2870117296892407
0.2870117296892407
0.2870117296892407
0.30618482406713193
0.2870117296892407
0.2870117296892407
0.2870117296892407
0.30618482406713193
0.2870117296892407
0.2870117296892407
0.2870117296892407
0.30618482406713193
0.2870117296892407
0.2870117296892407
0.2870117296892407
0.30618482406713193
0.2870117296892407
0.0
0.0
0.0
0.0
0.0
0.0
0.0
0.0
0.0
0.0
0.0
0.0
0.0
0.0
0.0
0.0
0.0
0.0
0.0
0.0
0.0
0.0
0.0
0.0
0.0
0.0
0.0
0.0
0.0
0.0
0.0
0.0
