0.6141363716819145
0.6141363716819145
0.6773395339938086
0.6141363716819145
0.5654415757663326
0.5654415757663326
0.574105261380666
0.5480250622755906
0.5654415757663327
0.5480250622755907
0.574105261380666
0.5654415757663327
0.5480250622755906
0.5654415757663326
0.574105261380666
0.5654415757663326
0.5654415757663326
0.5654415757663326
0.574105261380666
0.5480250622755906
0.5480250622755907
0.5654415757663327
0.574105261380666
0.5654415757663326
0.6141363716819144
0.6141363716819144
0.6773395339938086
0.6141363716819144
0.5654415757663327
0.5480250622755907
0.574105261380666
0.5654415757663326
0.0
0.0
0.0
0.0
0.0
0.0
0.0
0.0
0.0
0.0
0.0
0.0
0.0
0.0
0.0
0.0
0.0
0.0
0.0
0.0
0.0
0.0
0.0
0.0
0.0
0.0
0.0
0.0
0.0
0.0
0.0
0.0
